CO_AQI_Value:0.1241985048648026
Ozone_AQI_Value:0.08703922637658999
NO2_AQI_Value:0.015032167119112663
PM2_5_AQI_Value:0.7022106571836809
Lat:0.022813460845753267
Lng:0.02432190496600551
PM10:0.024384078644055143
