CO_AQI_Value:0.1791933675046857
Ozone_AQI_Value:0.18624876668236895
NO2_AQI_Value:0.0896373263531282
Lat:0.22891369554093688
Lng:0.20805136575718744
PM10:0.10795547816169294
