CO_AQI_Value:0.0009122586426664431
Ozone_AQI_Value:0.09949098478172637
NO2_AQI_Value:0.0
PM2_5_AQI_Value:0.8995967565756072
Lat:0.0
Lng:0.0
PM10:0.0
